"insertion"|"merge"
0.028057546|0.003930491
0.024945841|0.00398405
0.023574893|0.003782292
0.023265146|0.003951988
0.023203068|0.003871912
0.022983448|0.004255537
0.024123933|0.004244005
0.023864403|0.004190471
0.023350115|0.005432168
0.022867534|0.004005319
0.023530446|0.004678963
0.022726199|0.003712969
0.02329155|0.003840272
0.023447039|0.003754481
0.02306818|0.004018191
0.022887298|0.003649078
0.022978625|0.003628859
0.0236851|0.005125926
0.02342679|0.003577974
0.023079822|0.003573321
0.023457455|0.003578053
0.023583615|0.003641146
0.022853252|0.003652544
0.023174464|0.00388
0.023060261|0.003656495
0.023620824|0.003683797
0.023327402|0.005153517
0.023199651|0.003605104
0.023537879|0.003532467
0.024945282|0.003534384
0.025471711|0.003895089
0.023699506|0.003624102
0.024293833|0.003773263
0.024152199|0.003710559
0.026343054|0.003660893
0.023905869|0.00946174
0.024517295|0.003655337
0.024144842|0.003622722
0.025111122|0.003649683
0.024367551|0.00369358
0.023038181|0.003728951
0.0234402|0.004027261
0.023304724|0.004150116
0.023364852|0.003987245
0.022884015|0.005166155
0.023347178|0.003614317
0.023513898|0.003580219
0.023172733|0.003634798
0.023373909|0.003632743
0.023218018|0.003699975
